4486,3
4486,2
4486,1
4486,0
4485,3
4485,2
4485,1
4485,0
4484,3
4484,2
4484,1
4484,0
4483,3
4483,2
4483,1
4483,0
4482,3
4482,2
4482,1
4482,0
4481,3
4481,2
4481,1
4481,0
0,416
4480,3
4480,2
4480,1
4480,0
4479,3
4479,2
4479,1
4479,0
4478,3
4478,2
4478,1
4478,0
4477,3
4477,2
4477,1
4477,0
4476,3
4476,2
4476,1
4476,0
10,167
10,125
10,179
10,101
10,311
10,157
10,79
10,229
11,21
11,14
11,17
9,5
8,11
8,14
8,9
8,10
8,12
8,15
4471,3
4471,2
4471,1
4471,0
4469,3
4469,2
4469,1
4469,0
4467,3
4467,2
4467,1
4467,0
4466,4
4466,3
4466,2
4466,1
4466,0
4465,4
4465,3
4465,2
4465,1
4465,0
4456,3
4456,2
4456,1
4456,0
20,3
20,2
20,1
19,3
19,2
19,1
12,3
12,2
12,1
11,30
11,29
11,28
11,24
11,11
11,10
11,7
11,4
11,3
11,2
11,1
10,252
10,232
10,194
10,190
18,1
10,170
10,94
18,3
14,1
14,3
13,1
13,3
